day,total_healthy,total_infected,total_incubating,total_deceased,total_healed,infected_today,deceased_today,recovered_today
0,9999,1,0,0,0,0,0,0
1,9998,1,1,0,0,1,0,0
2,9997,1,2,0,0,1,0,0
3,9997,1,2,0,0,0,0,0
4,9996,2,2,0,0,1,0,0
5,9995,3,2,0,0,1,0,0
6,9993,3,4,0,0,2,0,0
7,9992,4,4,0,0,1,0,0
8,9990,5,5,0,0,2,0,0
9,9987,7,6,0,0,3,0,0
10,9981,8,11,0,0,6,0,0
11,9980,10,10,0,0,1,0,0
12,9979,12,8,0,1,1,0,1
13,9974,18,7,0,1,5,0,0
14,9971,19,9,0,1,3,0,0
15,9961,20,18,0,1,10,0,0
16,9955,25,19,0,1,6,0,0
17,9955,27,16,0,2,0,0,1
18,9948,36,13,0,3,7,0,1
19,9940,42,15,0,3,8,0,0
20,9934,41,21,0,4,6,0,1
21,9928,47,20,0,5,6,0,1
22,9925,53,15,0,7,3,0,2
23,9914,58,20,0,8,11,0,1
24,9907,62,21,0,10,7,0,2
25,9895,62,30,0,13,12,0,3
26,9882,67,32,0,19,13,0,6
27,9872,73,35,0,20,10,0,1
28,9856,84,39,0,21,16,0,1
29,9828,90,54,2,26,28,2,5
30,9806,97,66,2,29,22,0,3
31,9781,103,75,2,39,25,0,10
32,9758,125,70,2,45,23,0,6
33,9722,146,84,3,45,36,1,0
34,9678,165,103,3,51,44,0,6
35,9642,179,116,4,59,36,1,8
36,9600,207,122,6,65,42,2,6
37,9549,246,129,7,69,51,1,4
38,9492,277,150,10,71,57,3,2
39,9417,307,183,11,82,75,1,11
40,9351,349,198,13,89,66,2,7
41,9260,393,232,15,100,91,2,11
42,9167,453,250,17,113,93,2,13
43,9062,505,289,21,123,105,4,10
44,8931,578,329,24,138,131,3,15
45,8803,642,364,27,164,128,3,26
46,8653,720,409,32,186,150,5,22
47,8491,828,440,33,208,162,1,22
48,8314,933,489,36,228,177,3,20
49,8114,1045,539,38,264,200,2,36
50,7923,1161,568,45,303,191,7,39
51,7693,1304,621,48,334,230,3,31
52,7440,1457,674,55,374,253,7,40
53,7182,1592,741,63,422,258,8,48
54,6869,1760,824,70,477,313,7,55
55,6576,1934,864,76,550,293,6,73
56,6261,2122,921,84,612,315,8,62
57,5947,2342,922,89,700,314,5,88
58,5585,2541,991,100,783,362,11,83
59,5236,2740,1025,120,879,349,20,96
60,4893,2917,1054,133,1003,343,13,124
61,4504,3144,1081,148,1123,389,15,120
62,4089,3331,1147,166,1267,415,18,144
63,3702,3503,1191,182,1422,387,16,155
64,3331,3706,1173,202,1588,371,20,166
65,2998,3917,1091,219,1775,333,17,187
66,2650,4109,1052,236,1953,348,17,178
67,2319,4246,1012,255,2168,331,19,215
68,1987,4325,1011,274,2403,332,19,235
69,1716,4407,934,296,2647,271,22,244
70,1473,4427,846,322,2932,243,26,285
71,1259,4462,728,339,3212,214,17,280
72,1049,4417,667,355,3512,210,16,300
73,874,4337,599,379,3811,175,24,299
74,726,4197,533,395,4149,148,16,338
75,594,4054,455,421,4476,132,26,327
76,497,3885,377,443,4798,97,22,322
77,404,3651,322,462,5161,93,19,363
78,340,3381,254,473,5552,64,11,391
79,275,3085,222,493,5925,65,20,373
80,230,2821,174,503,6272,45,10,347
81,186,2568,154,507,6585,44,4,313
82,168,2296,107,521,6908,18,14,323
83,145,2016,85,538,7216,23,17,308
84,129,1736,57,555,7523,16,17,307
85,116,1491,52,563,7778,13,8,255
86,101,1277,44,573,8005,15,10,227
87,92,1089,37,576,8206,9,3,201
88,80,904,36,580,8400,12,4,194
89,75,745,26,583,8571,5,3,171
90,64,606,28,590,8712,11,7,141
91,57,489,23,595,8836,7,5,124
92,52,402,23,595,8928,5,0,92
93,49,320,15,600,9016,3,5,88
94,42,266,15,602,9075,7,2,59
95,38,210,14,604,9134,4,2,59
96,36,171,13,604,9176,2,0,42
97,36,137,6,605,9216,0,1,40
98,33,123,5,606,9233,3,1,17
99,32,105,4,607,9252,1,1,19
100,32,89,4,607,9268,0,0,16
101,32,82,1,608,9277,0,1,9
102,30,68,2,608,9292,2,0,15
103,30,59,2,608,9301,0,0,9
104,29,48,3,608,9312,1,0,11
105,29,45,1,608,9317,0,0,5
106,29,34,1,608,9328,0,0,11
107,29,28,0,608,9335,0,0,7
108,29,23,0,608,9340,0,0,5
109,29,20,0,608,9343,0,0,3
110,29,13,0,608,9350,0,0,7
111,29,9,0,608,9354,0,0,4
112,29,7,0,608,9356,0,0,2
113,29,7,0,608,9356,0,0,0
114,29,4,0,608,9359,0,0,3
115,29,3,0,608,9360,0,0,1
116,29,3,0,608,9360,0,0,0
117,29,3,0,608,9360,0,0,0
118,29,1,0,608,9362,0,0,2
119,29,1,0,608,9362,0,0,0
120,29,0,0,608,9363,0,0,1
121,29,0,0,608,9363,0,0,0
122,29,0,0,608,9363,0,0,0
123,29,0,0,608,9363,0,0,0
124,29,0,0,608,9363,0,0,0
125,29,0,0,608,9363,0,0,0
126,29,0,0,608,9363,0,0,0
127,29,0,0,608,9363,0,0,0
128,29,0,0,608,9363,0,0,0
129,29,0,0,608,9363,0,0,0
130,29,0,0,608,9363,0,0,0
131,29,0,0,608,9363,0,0,0
132,29,0,0,608,9363,0,0,0
133,29,0,0,608,9363,0,0,0
134,29,0,0,608,9363,0,0,0
135,29,0,0,608,9363,0,0,0
136,29,0,0,608,9363,0,0,0
137,29,0,0,608,9363,0,0,0
138,29,0,0,608,9363,0,0,0
139,29,0,0,608,9363,0,0,0
140,29,0,0,608,9363,0,0,0
141,29,0,0,608,9363,0,0,0
142,29,0,0,608,9363,0,0,0
143,29,0,0,608,9363,0,0,0
144,29,0,0,608,9363,0,0,0
145,29,0,0,608,9363,0,0,0
146,29,0,0,608,9363,0,0,0
147,29,0,0,608,9363,0,0,0
148,29,0,0,608,9363,0,0,0
149,29,0,0,608,9363,0,0,0
150,29,0,0,608,9363,0,0,0
151,29,0,0,608,9363,0,0,0
152,29,0,0,608,9363,0,0,0
153,29,0,0,608,9363,0,0,0
154,29,0,0,608,9363,0,0,0
155,29,0,0,608,9363,0,0,0
156,29,0,0,608,9363,0,0,0
157,29,0,0,608,9363,0,0,0
158,29,0,0,608,9363,0,0,0
159,29,0,0,608,9363,0,0,0
160,29,0,0,608,9363,0,0,0
161,29,0,0,608,9363,0,0,0
162,29,0,0,608,9363,0,0,0
163,29,0,0,608,9363,0,0,0
164,29,0,0,608,9363,0,0,0
165,29,0,0,608,9363,0,0,0
166,29,0,0,608,9363,0,0,0
167,29,0,0,608,9363,0,0,0
168,29,0,0,608,9363,0,0,0
169,29,0,0,608,9363,0,0,0
170,29,0,0,608,9363,0,0,0
171,29,0,0,608,9363,0,0,0
172,29,0,0,608,9363,0,0,0
173,29,0,0,608,9363,0,0,0
174,29,0,0,608,9363,0,0,0
175,29,0,0,608,9363,0,0,0
176,29,0,0,608,9363,0,0,0
177,29,0,0,608,9363,0,0,0
178,29,0,0,608,9363,0,0,0
179,29,0,0,608,9363,0,0,0
180,29,0,0,608,9363,0,0,0
181,29,0,0,608,9363,0,0,0
182,29,0,0,608,9363,0,0,0
183,29,0,0,608,9363,0,0,0
184,29,0,0,608,9363,0,0,0
185,29,0,0,608,9363,0,0,0
186,29,0,0,608,9363,0,0,0
187,29,0,0,608,9363,0,0,0
188,29,0,0,608,9363,0,0,0
189,29,0,0,608,9363,0,0,0
190,29,0,0,608,9363,0,0,0
191,29,0,0,608,9363,0,0,0
192,29,0,0,608,9363,0,0,0
193,29,0,0,608,9363,0,0,0
194,29,0,0,608,9363,0,0,0
195,29,0,0,608,9363,0,0,0
196,29,0,0,608,9363,0,0,0
197,29,0,0,608,9363,0,0,0
198,29,0,0,608,9363,0,0,0
199,29,0,0,608,9363,0,0,0
200,29,0,0,608,9363,0,0,0
201,29,0,0,608,9363,0,0,0
202,29,0,0,608,9363,0,0,0
203,29,0,0,608,9363,0,0,0
204,29,0,0,608,9363,0,0,0
205,29,0,0,608,9363,0,0,0
206,29,0,0,608,9363,0,0,0
207,29,0,0,608,9363,0,0,0
208,29,0,0,608,9363,0,0,0
209,29,0,0,608,9363,0,0,0
210,29,0,0,608,9363,0,0,0
211,29,0,0,608,9363,0,0,0
212,29,0,0,608,9363,0,0,0
213,29,0,0,608,9363,0,0,0
214,29,0,0,608,9363,0,0,0
215,29,0,0,608,9363,0,0,0
216,29,0,0,608,9363,0,0,0
217,29,0,0,608,9363,0,0,0
218,29,0,0,608,9363,0,0,0
219,29,0,0,608,9363,0,0,0
220,29,0,0,608,9363,0,0,0
221,29,0,0,608,9363,0,0,0
222,29,0,0,608,9363,0,0,0
223,29,0,0,608,9363,0,0,0
224,29,0,0,608,9363,0,0,0
225,29,0,0,608,9363,0,0,0
226,29,0,0,608,9363,0,0,0
227,29,0,0,608,9363,0,0,0
228,29,0,0,608,9363,0,0,0
229,29,0,0,608,9363,0,0,0
230,29,0,0,608,9363,0,0,0
231,29,0,0,608,9363,0,0,0
232,29,0,0,608,9363,0,0,0
233,29,0,0,608,9363,0,0,0
234,29,0,0,608,9363,0,0,0
235,29,0,0,608,9363,0,0,0
236,29,0,0,608,9363,0,0,0
237,29,0,0,608,9363,0,0,0
238,29,0,0,608,9363,0,0,0
239,29,0,0,608,9363,0,0,0
240,29,0,0,608,9363,0,0,0
241,29,0,0,608,9363,0,0,0
242,29,0,0,608,9363,0,0,0
243,29,0,0,608,9363,0,0,0
244,29,0,0,608,9363,0,0,0
245,29,0,0,608,9363,0,0,0
246,29,0,0,608,9363,0,0,0
247,29,0,0,608,9363,0,0,0
248,29,0,0,608,9363,0,0,0
249,29,0,0,608,9363,0,0,0
250,29,0,0,608,9363,0,0,0
251,29,0,0,608,9363,0,0,0
252,29,0,0,608,9363,0,0,0
253,29,0,0,608,9363,0,0,0
254,29,0,0,608,9363,0,0,0
255,29,0,0,608,9363,0,0,0
256,29,0,0,608,9363,0,0,0
257,29,0,0,608,9363,0,0,0
258,29,0,0,608,9363,0,0,0
259,29,0,0,608,9363,0,0,0
260,29,0,0,608,9363,0,0,0
261,29,0,0,608,9363,0,0,0
262,29,0,0,608,9363,0,0,0
263,29,0,0,608,9363,0,0,0
264,29,0,0,608,9363,0,0,0
265,29,0,0,608,9363,0,0,0
266,29,0,0,608,9363,0,0,0
267,29,0,0,608,9363,0,0,0
268,29,0,0,608,9363,0,0,0
269,29,0,0,608,9363,0,0,0
270,29,0,0,608,9363,0,0,0
271,29,0,0,608,9363,0,0,0
272,29,0,0,608,9363,0,0,0
273,29,0,0,608,9363,0,0,0
274,29,0,0,608,9363,0,0,0
275,29,0,0,608,9363,0,0,0
276,29,0,0,608,9363,0,0,0
277,29,0,0,608,9363,0,0,0
278,29,0,0,608,9363,0,0,0
279,29,0,0,608,9363,0,0,0
280,29,0,0,608,9363,0,0,0
281,29,0,0,608,9363,0,0,0
282,29,0,0,608,9363,0,0,0
283,29,0,0,608,9363,0,0,0
284,29,0,0,608,9363,0,0,0
285,29,0,0,608,9363,0,0,0
286,29,0,0,608,9363,0,0,0
287,29,0,0,608,9363,0,0,0
288,29,0,0,608,9363,0,0,0
289,29,0,0,608,9363,0,0,0
290,29,0,0,608,9363,0,0,0
291,29,0,0,608,9363,0,0,0
292,29,0,0,608,9363,0,0,0
293,29,0,0,608,9363,0,0,0
294,29,0,0,608,9363,0,0,0
295,29,0,0,608,9363,0,0,0
296,29,0,0,608,9363,0,0,0
297,29,0,0,608,9363,0,0,0
298,29,0,0,608,9363,0,0,0
299,29,0,0,608,9363,0,0,0
300,29,0,0,608,9363,0,0,0
